Total time for adding 1000 edges
rmat0406: 18.773794174194336
rmat0507: 30.489444732666016
rmat0608: 35.21728515625
rmat0709: 58.43210220336914
rmat0810: 77.53658294677734
rmat0911: 95.07298469543457
rmat1012: 262.1917724609375
rmat1113: 292.2186851501465
rmat1214: 1235.7711791992188
rmat1315: 1547.4200248718262
rmat1416: 4098.973512649536
rmat1517: 7201.558589935303