Total time for adding 1000 edges
rmat0406: 19.62423324584961
rmat0507: 28.417348861694336
rmat0608: 37.381887435913086
rmat0709: 56.86759948730469
rmat0810: 74.53751564025879
rmat0911: 98.50668907165527
rmat1012: 277.94957160949707
rmat1113: 290.3096675872803
rmat1214: 1080.843210220337
rmat1315: 1601.8998622894287
rmat1416: 3877.4447441101074
rmat1517: 6906.044006347656